1.57697155e+00,-5.40923917e+00,1.06530428e+00,-5.78098721e+00,1.06530428e+00,-5.03749114e+00,5.53637006e-01,-5.40923917e+00
1.57697155e+00,-5.40923917e+00,1.06530428e+00,-5.03749114e+00,1.77241106e+00,-4.80773822e+00,1.26074379e+00,-4.43599018e+00
1.06530428e+00,-5.03749114e+00,5.53637006e-01,-5.40923917e+00,1.26074379e+00,-4.43599018e+00,7.49076514e-01,-4.80773822e+00
-7.11274058e-01,-5.40923917e+00,-7.88185256e-02,-5.40923917e+00,-1.22294133e+00,-5.03749114e+00,-5.90485799e-01,-5.03749114e+00
-7.88185256e-02,-5.40923917e+00,5.53637006e-01,-5.40923917e+00,1.16620982e-01,-4.80773822e+00,7.49076514e-01,-4.80773822e+00
-7.88185256e-02,-5.40923917e+00,-5.90485799e-01,-5.03749114e+00,1.16620982e-01,-4.80773822e+00,-3.95046292e-01,-4.43599018e+00
-1.41838084e+00,-4.43599018e+00,-1.22294133e+00,-5.03749114e+00,-1.22294133e+00,-3.83448923e+00,-1.02750182e+00,-4.43599018e+00
-1.22294133e+00,-5.03749114e+00,-5.90485799e-01,-5.03749114e+00,-1.02750182e+00,-4.43599018e+00,-3.95046292e-01,-4.43599018e+00
2.28407833e+00,-4.43599018e+00,2.91653387e+00,-4.43599018e+00,1.77241106e+00,-4.80773822e+00,2.40486659e+00,-4.80773822e+00
2.28407833e+00,-4.43599018e+00,2.91653387e+00,-4.43599018e+00,2.47951784e+00,-3.83448923e+00,3.11197337e+00,-3.83448923e+00
2.28407833e+00,-4.43599018e+00,1.77241106e+00,-4.80773822e+00,1.77241106e+00,-4.06424215e+00,1.26074379e+00,-4.43599018e+00
2.28407833e+00,-4.43599018e+00,1.77241106e+00,-4.06424215e+00,2.47951784e+00,-3.83448923e+00,1.96785057e+00,-3.46274120e+00
1.77241106e+00,-4.06424215e+00,1.26074379e+00,-4.43599018e+00,1.96785057e+00,-3.46274120e+00,1.45618330e+00,-3.83448923e+00
4.32848748e-01,-3.83448923e+00,1.06530428e+00,-3.83448923e+00,6.28288256e-01,-4.43599018e+00,1.26074379e+00,-4.43599018e+00
4.32848748e-01,-3.83448923e+00,1.06530428e+00,-3.83448923e+00,6.28288256e-01,-3.23298827e+00,1.26074379e+00,-3.23298827e+00
4.32848748e-01,-3.83448923e+00,6.28288256e-01,-4.43599018e+00,-7.88185256e-02,-4.20623726e+00,1.16620982e-01,-4.80773822e+00
4.32848748e-01,-3.83448923e+00,-7.88185256e-02,-4.20623726e+00,-7.88185256e-02,-3.46274120e+00,-5.90485799e-01,-3.83448923e+00
4.32848748e-01,-3.83448923e+00,-7.88185256e-02,-3.46274120e+00,6.28288256e-01,-3.23298827e+00,1.16620982e-01,-2.86124024e+00
1.06530428e+00,-3.83448923e+00,1.26074379e+00,-4.43599018e+00,1.26074379e+00,-3.23298827e+00,1.45618330e+00,-3.83448923e+00
6.28288256e-01,-4.43599018e+00,1.26074379e+00,-4.43599018e+00,1.16620982e-01,-4.80773822e+00,7.49076514e-01,-4.80773822e+00
-7.88185256e-02,-4.20623726e+00,1.16620982e-01,-4.80773822e+00,-5.90485799e-01,-3.83448923e+00,-3.95046292e-01,-4.43599018e+00
-7.88185256e-02,-3.46274120e+00,-5.90485799e-01,-3.83448923e+00,1.16620982e-01,-2.86124024e+00,-3.95046292e-01,-3.23298827e+00
-1.22294133e+00,-3.83448923e+00,-5.90485799e-01,-3.83448923e+00,-1.02750182e+00,-4.43599018e+00,-3.95046292e-01,-4.43599018e+00
-1.22294133e+00,-3.83448923e+00,-5.90485799e-01,-3.83448923e+00,-1.02750182e+00,-3.23298827e+00,-3.95046292e-01,-3.23298827e+00
-1.22294133e+00,-3.83448923e+00,-1.73460860e+00,-3.46274120e+00,-1.02750182e+00,-3.23298827e+00,-1.53916910e+00,-2.86124024e+00
-2.56250364e+00,-2.86124024e+00,-1.93004811e+00,-2.86124024e+00,-2.36706414e+00,-3.46274120e+00,-1.73460860e+00,-3.46274120e+00
-2.56250364e+00,-2.86124024e+00,-1.93004811e+00,-2.86124024e+00,-2.36706414e+00,-2.25973929e+00,-1.73460860e+00,-2.25973929e+00
-2.56250364e+00,-2.86124024e+00,-3.07417092e+00,-2.48949221e+00,-2.36706414e+00,-2.25973929e+00,-2.87873141e+00,-1.88799125e+00
-1.93004811e+00,-2.86124024e+00,-1.73460860e+00,-3.46274120e+00,-1.73460860e+00,-2.25973929e+00,-1.53916910e+00,-2.86124024e+00
3.42820114e+00,-2.86124024e+00,3.62364065e+00,-3.46274120e+00,2.91653387e+00,-3.23298827e+00,3.11197337e+00,-3.83448923e+00
3.42820114e+00,-2.86124024e+00,3.62364065e+00,-3.46274120e+00,3.62364065e+00,-2.25973929e+00,3.81908016e+00,-2.86124024e+00
3.42820114e+00,-2.86124024e+00,2.91653387e+00,-3.23298827e+00,2.91653387e+00,-2.48949221e+00,2.40486659e+00,-2.86124024e+00
3.42820114e+00,-2.86124024e+00,2.91653387e+00,-2.48949221e+00,3.62364065e+00,-2.25973929e+00,3.11197337e+00,-1.88799125e+00
2.91653387e+00,-3.23298827e+00,3.11197337e+00,-3.83448923e+00,2.40486659e+00,-2.86124024e+00,2.60030610e+00,-3.46274120e+00
2.47951784e+00,-3.83448923e+00,3.11197337e+00,-3.83448923e+00,1.96785057e+00,-3.46274120e+00,2.60030610e+00,-3.46274120e+00
2.91653387e+00,-2.48949221e+00,2.40486659e+00,-2.86124024e+00,3.11197337e+00,-1.88799125e+00,2.60030610e+00,-2.25973929e+00
1.77241106e+00,-2.86124024e+00,2.40486659e+00,-2.86124024e+00,1.96785057e+00,-3.46274120e+00,2.60030610e+00,-3.46274120e+00
1.77241106e+00,-2.86124024e+00,2.40486659e+00,-2.86124024e+00,1.96785057e+00,-2.25973929e+00,2.60030610e+00,-2.25973929e+00
1.77241106e+00,-2.86124024e+00,1.96785057e+00,-3.46274120e+00,1.26074379e+00,-3.23298827e+00,1.45618330e+00,-3.83448923e+00
1.77241106e+00,-2.86124024e+00,1.26074379e+00,-3.23298827e+00,1.26074379e+00,-2.48949221e+00,7.49076514e-01,-2.86124024e+00
1.77241106e+00,-2.86124024e+00,1.26074379e+00,-2.48949221e+00,1.96785057e+00,-2.25973929e+00,1.45618330e+00,-1.88799125e+00
6.28288256e-01,-3.23298827e+00,1.26074379e+00,-3.23298827e+00,1.16620982e-01,-2.86124024e+00,7.49076514e-01,-2.86124024e+00
4.32848748e-01,-1.88799125e+00,1.06530428e+00,-1.88799125e+00,6.28288256e-01,-2.48949221e+00,1.26074379e+00,-2.48949221e+00
4.32848748e-01,-1.88799125e+00,1.06530428e+00,-1.88799125e+00,6.28288256e-01,-1.28649030e+00,1.26074379e+00,-1.28649030e+00
4.32848748e-01,-1.88799125e+00,6.28288256e-01,-2.48949221e+00,-7.88185256e-02,-2.25973929e+00,1.16620982e-01,-2.86124024e+00
4.32848748e-01,-1.88799125e+00,-7.88185256e-02,-2.25973929e+00,6.28288256e-01,-1.28649030e+00,1.16620982e-01,-1.65823833e+00
1.06530428e+00,-1.88799125e+00,1.26074379e+00,-2.48949221e+00,1.26074379e+00,-1.28649030e+00,1.45618330e+00,-1.88799125e+00
6.28288256e-01,-2.48949221e+00,1.26074379e+00,-2.48949221e+00,1.16620982e-01,-2.86124024e+00,7.49076514e-01,-2.86124024e+00
-7.11274058e-01,-2.25973929e+00,-7.88185256e-02,-2.25973929e+00,-5.15834550e-01,-2.86124024e+00,1.16620982e-01,-2.86124024e+00
-7.11274058e-01,-2.25973929e+00,-7.88185256e-02,-2.25973929e+00,-1.22294133e+00,-1.88799125e+00,-5.90485799e-01,-1.88799125e+00
-7.11274058e-01,-2.25973929e+00,-5.15834550e-01,-2.86124024e+00,-1.22294133e+00,-2.63148732e+00,-1.02750182e+00,-3.23298827e+00
-7.11274058e-01,-2.25973929e+00,-1.22294133e+00,-2.63148732e+00,-1.22294133e+00,-1.88799125e+00,-1.73460860e+00,-2.25973929e+00
-7.88185256e-02,-2.25973929e+00,-5.90485799e-01,-1.88799125e+00,1.16620982e-01,-1.65823833e+00,-3.95046292e-01,-1.28649030e+00
-5.15834550e-01,-2.86124024e+00,1.16620982e-01,-2.86124024e+00,-1.02750182e+00,-3.23298827e+00,-3.95046292e-01,-3.23298827e+00
-1.22294133e+00,-2.63148732e+00,-1.02750182e+00,-3.23298827e+00,-1.73460860e+00,-2.25973929e+00,-1.53916910e+00,-2.86124024e+00
-1.41838084e+00,-1.28649030e+00,-1.22294133e+00,-1.88799125e+00,-1.93004811e+00,-1.65823833e+00,-1.73460860e+00,-2.25973929e+00
-1.41838084e+00,-1.28649030e+00,-1.22294133e+00,-1.88799125e+00,-1.22294133e+00,-6.84989341e-01,-1.02750182e+00,-1.28649030e+00
-1.41838084e+00,-1.28649030e+00,-1.93004811e+00,-1.65823833e+00,-1.93004811e+00,-9.14742261e-01,-2.44171539e+00,-1.28649030e+00
-1.41838084e+00,-1.28649030e+00,-1.93004811e+00,-9.14742261e-01,-1.22294133e+00,-6.84989341e-01,-1.73460860e+00,-3.13241306e-01
-1.22294133e+00,-1.88799125e+00,-5.90485799e-01,-1.88799125e+00,-1.02750182e+00,-1.28649030e+00,-3.95046292e-01,-1.28649030e+00
-1.93004811e+00,-1.65823833e+00,-1.73460860e+00,-2.25973929e+00,-2.44171539e+00,-1.28649030e+00,-2.24627588e+00,-1.88799125e+00
-2.36706414e+00,-2.25973929e+00,-1.73460860e+00,-2.25973929e+00,-2.87873141e+00,-1.88799125e+00,-2.24627588e+00,-1.88799125e+00
-1.93004811e+00,-9.14742261e-01,-2.44171539e+00,-1.28649030e+00,-1.73460860e+00,-3.13241306e-01,-2.24627588e+00,-6.84989341e-01
-3.07417092e+00,-1.28649030e+00,-2.44171539e+00,-1.28649030e+00,-2.87873141e+00,-1.88799125e+00,-2.24627588e+00,-1.88799125e+00
-3.07417092e+00,-1.28649030e+00,-2.44171539e+00,-1.28649030e+00,-2.87873141e+00,-6.84989341e-01,-2.24627588e+00,-6.84989341e-01
-3.07417092e+00,-1.28649030e+00,-3.58583819e+00,-9.14742261e-01,-2.87873141e+00,-6.84989341e-01,-3.39039868e+00,-3.13241306e-01
-4.41373323e+00,-3.13241306e-01,-3.78127770e+00,-3.13241306e-01,-4.21829372e+00,-9.14742261e-01,-3.58583819e+00,-9.14742261e-01
-4.41373323e+00,-3.13241306e-01,-3.78127770e+00,-3.13241306e-01,-4.21829372e+00,2.88259649e-01,-3.58583819e+00,2.88259649e-01
-3.78127770e+00,-3.13241306e-01,-3.58583819e+00,-9.14742261e-01,-3.58583819e+00,2.88259649e-01,-3.39039868e+00,-3.13241306e-01
4.13530792e+00,-1.88799125e+00,3.62364065e+00,-2.25973929e+00,3.62364065e+00,-1.51624322e+00,3.11197337e+00,-1.88799125e+00
3.42820114e+00,-9.14742261e-01,3.62364065e+00,-1.51624322e+00,2.91653387e+00,-1.28649030e+00,3.11197337e+00,-1.88799125e+00
3.42820114e+00,-9.14742261e-01,3.62364065e+00,-1.51624322e+00,3.62364065e+00,-3.13241306e-01,3.81908016e+00,-9.14742261e-01
3.42820114e+00,-9.14742261e-01,2.91653387e+00,-1.28649030e+00,3.62364065e+00,-3.13241306e-01,3.11197337e+00,-6.84989341e-01
2.28407833e+00,-1.28649030e+00,2.91653387e+00,-1.28649030e+00,2.47951784e+00,-1.88799125e+00,3.11197337e+00,-1.88799125e+00
2.28407833e+00,-1.28649030e+00,2.91653387e+00,-1.28649030e+00,1.77241106e+00,-9.14742261e-01,2.40486659e+00,-9.14742261e-01
2.28407833e+00,-1.28649030e+00,2.47951784e+00,-1.88799125e+00,1.77241106e+00,-1.65823833e+00,1.96785057e+00,-2.25973929e+00
2.28407833e+00,-1.28649030e+00,1.77241106e+00,-1.65823833e+00,1.77241106e+00,-9.14742261e-01,1.26074379e+00,-1.28649030e+00
2.91653387e+00,-1.28649030e+00,2.40486659e+00,-9.14742261e-01,3.11197337e+00,-6.84989341e-01,2.60030610e+00,-3.13241306e-01
2.47951784e+00,-1.88799125e+00,3.11197337e+00,-1.88799125e+00,1.96785057e+00,-2.25973929e+00,2.60030610e+00,-2.25973929e+00
1.77241106e+00,-1.65823833e+00,1.96785057e+00,-2.25973929e+00,1.26074379e+00,-1.28649030e+00,1.45618330e+00,-1.88799125e+00
1.57697155e+00,-3.13241306e-01,1.77241106e+00,-9.14742261e-01,1.06530428e+00,-6.84989341e-01,1.26074379e+00,-1.28649030e+00
1.57697155e+00,-3.13241306e-01,1.77241106e+00,-9.14742261e-01,1.77241106e+00,2.88259649e-01,1.96785057e+00,-3.13241306e-01
1.57697155e+00,-3.13241306e-01,1.06530428e+00,-6.84989341e-01,1.77241106e+00,2.88259649e-01,1.26074379e+00,-8.34883857e-02
1.77241106e+00,-9.14742261e-01,2.40486659e+00,-9.14742261e-01,1.96785057e+00,-3.13241306e-01,2.60030610e+00,-3.13241306e-01
4.32848748e-01,-6.84989341e-01,1.06530428e+00,-6.84989341e-01,6.28288256e-01,-1.28649030e+00,1.26074379e+00,-1.28649030e+00
4.32848748e-01,-6.84989341e-01,1.06530428e+00,-6.84989341e-01,-7.88185256e-02,-3.13241306e-01,5.53637006e-01,-3.13241306e-01
4.32848748e-01,-6.84989341e-01,6.28288256e-01,-1.28649030e+00,-7.88185256e-02,-3.13241306e-01,1.16620982e-01,-9.14742261e-01
1.06530428e+00,-6.84989341e-01,5.53637006e-01,-3.13241306e-01,1.26074379e+00,-8.34883857e-02,7.49076514e-01,2.88259649e-01
6.28288256e-01,-1.28649030e+00,1.16620982e-01,-1.65823833e+00,1.16620982e-01,-9.14742261e-01,-3.95046292e-01,-1.28649030e+00
-7.11274058e-01,-3.13241306e-01,-7.88185256e-02,-3.13241306e-01,-1.22294133e+00,-6.84989341e-01,-5.90485799e-01,-6.84989341e-01
-7.11274058e-01,-3.13241306e-01,-7.88185256e-02,-3.13241306e-01,-1.22294133e+00,5.85067282e-02,-5.90485799e-01,5.85067282e-02
-7.11274058e-01,-3.13241306e-01,-1.22294133e+00,-6.84989341e-01,-1.22294133e+00,5.85067282e-02,-1.73460860e+00,-3.13241306e-01
-7.88185256e-02,-3.13241306e-01,5.53637006e-01,-3.13241306e-01,1.16620982e-01,2.88259649e-01,7.49076514e-01,2.88259649e-01
-7.88185256e-02,-3.13241306e-01,1.16620982e-01,-9.14742261e-01,-5.90485799e-01,-6.84989341e-01,-3.95046292e-01,-1.28649030e+00
-7.88185256e-02,-3.13241306e-01,-5.90485799e-01,5.85067282e-02,1.16620982e-01,2.88259649e-01,-3.95046292e-01,6.60007683e-01
-1.22294133e+00,-6.84989341e-01,-5.90485799e-01,-6.84989341e-01,-1.02750182e+00,-1.28649030e+00,-3.95046292e-01,-1.28649030e+00
-1.41838084e+00,6.60007683e-01,-1.22294133e+00,5.85067282e-02,-1.93004811e+00,2.88259649e-01,-1.73460860e+00,-3.13241306e-01
-1.41838084e+00,6.60007683e-01,-1.22294133e+00,5.85067282e-02,-1.22294133e+00,1.26150864e+00,-1.02750182e+00,6.60007683e-01
-1.41838084e+00,6.60007683e-01,-1.93004811e+00,2.88259649e-01,-1.22294133e+00,1.26150864e+00,-1.73460860e+00,8.89760604e-01
-1.22294133e+00,5.85067282e-02,-5.90485799e-01,5.85067282e-02,-1.02750182e+00,6.60007683e-01,-3.95046292e-01,6.60007683e-01
-2.56250364e+00,2.88259649e-01,-1.93004811e+00,2.88259649e-01,-2.36706414e+00,-3.13241306e-01,-1.73460860e+00,-3.13241306e-01
-2.56250364e+00,2.88259649e-01,-1.93004811e+00,2.88259649e-01,-3.07417092e+00,6.60007683e-01,-2.44171539e+00,6.60007683e-01
-2.56250364e+00,2.88259649e-01,-2.36706414e+00,-3.13241306e-01,-3.07417092e+00,-8.34883857e-02,-2.87873141e+00,-6.84989341e-01
-2.56250364e+00,2.88259649e-01,-3.07417092e+00,-8.34883857e-02,-3.07417092e+00,6.60007683e-01,-3.58583819e+00,2.88259649e-01
-1.93004811e+00,2.88259649e-01,-2.44171539e+00,6.60007683e-01,-1.73460860e+00,8.89760604e-01,-2.24627588e+00,1.26150864e+00
-2.36706414e+00,-3.13241306e-01,-1.73460860e+00,-3.13241306e-01,-2.87873141e+00,-6.84989341e-01,-2.24627588e+00,-6.84989341e-01
-3.07417092e+00,-8.34883857e-02,-2.87873141e+00,-6.84989341e-01,-3.58583819e+00,2.88259649e-01,-3.39039868e+00,-3.13241306e-01
-3.26961043e+00,1.26150864e+00,-3.07417092e+00,6.60007683e-01,-3.78127770e+00,8.89760604e-01,-3.58583819e+00,2.88259649e-01
-3.26961043e+00,1.26150864e+00,-3.07417092e+00,6.60007683e-01,-3.07417092e+00,1.86300959e+00,-2.87873141e+00,1.26150864e+00
-3.26961043e+00,1.26150864e+00,-3.78127770e+00,8.89760604e-01,-3.07417092e+00,1.86300959e+00,-3.58583819e+00,1.49126156e+00
-3.07417092e+00,6.60007683e-01,-2.44171539e+00,6.60007683e-01,-2.87873141e+00,1.26150864e+00,-2.24627588e+00,1.26150864e+00
-4.41373323e+00,8.89760604e-01,-3.78127770e+00,8.89760604e-01,-4.21829372e+00,2.88259649e-01,-3.58583819e+00,2.88259649e-01
-4.41373323e+00,8.89760604e-01,-3.78127770e+00,8.89760604e-01,-4.92540050e+00,1.26150864e+00,-4.29294497e+00,1.26150864e+00
-4.41373323e+00,8.89760604e-01,-4.21829372e+00,2.88259649e-01,-4.92540050e+00,1.26150864e+00,-4.72996100e+00,6.60007683e-01
-3.78127770e+00,8.89760604e-01,-4.29294497e+00,1.26150864e+00,-3.58583819e+00,1.49126156e+00,-4.09750547e+00,1.86300959e+00
-4.92540050e+00,1.26150864e+00,-4.29294497e+00,1.26150864e+00,-4.72996100e+00,1.86300959e+00,-4.09750547e+00,1.86300959e+00
3.42820114e+00,2.88259649e-01,3.62364065e+00,-3.13241306e-01,2.91653387e+00,6.60007683e-01,3.11197337e+00,5.85067282e-02
3.42820114e+00,2.88259649e-01,3.62364065e+00,-3.13241306e-01,3.62364065e+00,8.89760604e-01,3.81908016e+00,2.88259649e-01
3.42820114e+00,2.88259649e-01,2.91653387e+00,6.60007683e-01,3.62364065e+00,8.89760604e-01,3.11197337e+00,1.26150864e+00
3.62364065e+00,-3.13241306e-01,3.11197337e+00,-6.84989341e-01,3.11197337e+00,5.85067282e-02,2.60030610e+00,-3.13241306e-01
2.28407833e+00,6.60007683e-01,2.91653387e+00,6.60007683e-01,1.77241106e+00,2.88259649e-01,2.40486659e+00,2.88259649e-01
2.28407833e+00,6.60007683e-01,2.91653387e+00,6.60007683e-01,2.47951784e+00,1.26150864e+00,3.11197337e+00,1.26150864e+00
2.28407833e+00,6.60007683e-01,1.77241106e+00,2.88259649e-01,2.47951784e+00,1.26150864e+00,1.96785057e+00,8.89760604e-01
2.91653387e+00,6.60007683e-01,3.11197337e+00,5.85067282e-02,2.40486659e+00,2.88259649e-01,2.60030610e+00,-3.13241306e-01
1.77241106e+00,2.88259649e-01,2.40486659e+00,2.88259649e-01,1.96785057e+00,-3.13241306e-01,2.60030610e+00,-3.13241306e-01
1.77241106e+00,2.88259649e-01,1.26074379e+00,-8.34883857e-02,1.26074379e+00,6.60007683e-01,7.49076514e-01,2.88259649e-01
1.77241106e+00,2.88259649e-01,1.26074379e+00,6.60007683e-01,1.96785057e+00,8.89760604e-01,1.45618330e+00,1.26150864e+00
4.32848748e-01,1.26150864e+00,1.06530428e+00,1.26150864e+00,6.28288256e-01,6.60007683e-01,1.26074379e+00,6.60007683e-01
4.32848748e-01,1.26150864e+00,1.06530428e+00,1.26150864e+00,6.28288256e-01,1.86300959e+00,1.26074379e+00,1.86300959e+00
4.32848748e-01,1.26150864e+00,6.28288256e-01,6.60007683e-01,-7.88185256e-02,8.89760604e-01,1.16620982e-01,2.88259649e-01
4.32848748e-01,1.26150864e+00,-7.88185256e-02,8.89760604e-01,-7.88185256e-02,1.63325667e+00,-5.90485799e-01,1.26150864e+00
4.32848748e-01,1.26150864e+00,-7.88185256e-02,1.63325667e+00,6.28288256e-01,1.86300959e+00,1.16620982e-01,2.23475763e+00
1.06530428e+00,1.26150864e+00,1.26074379e+00,6.60007683e-01,1.26074379e+00,1.86300959e+00,1.45618330e+00,1.26150864e+00
6.28288256e-01,6.60007683e-01,1.26074379e+00,6.60007683e-01,1.16620982e-01,2.88259649e-01,7.49076514e-01,2.88259649e-01
-7.88185256e-02,8.89760604e-01,1.16620982e-01,2.88259649e-01,-5.90485799e-01,1.26150864e+00,-3.95046292e-01,6.60007683e-01
-7.88185256e-02,1.63325667e+00,-5.90485799e-01,1.26150864e+00,1.16620982e-01,2.23475763e+00,-3.95046292e-01,1.86300959e+00
-1.41838084e+00,1.86300959e+00,-1.22294133e+00,1.26150864e+00,-1.93004811e+00,2.23475763e+00,-1.73460860e+00,1.63325667e+00
-1.41838084e+00,1.86300959e+00,-1.22294133e+00,1.26150864e+00,-1.22294133e+00,2.46451055e+00,-1.02750182e+00,1.86300959e+00
-1.41838084e+00,1.86300959e+00,-1.93004811e+00,2.23475763e+00,-1.22294133e+00,2.46451055e+00,-1.73460860e+00,2.83625858e+00
-1.22294133e+00,1.26150864e+00,-5.90485799e-01,1.26150864e+00,-1.02750182e+00,6.60007683e-01,-3.95046292e-01,6.60007683e-01
-1.22294133e+00,1.26150864e+00,-5.90485799e-01,1.26150864e+00,-1.02750182e+00,1.86300959e+00,-3.95046292e-01,1.86300959e+00
-1.22294133e+00,1.26150864e+00,-1.73460860e+00,8.89760604e-01,-1.73460860e+00,1.63325667e+00,-2.24627588e+00,1.26150864e+00
-2.56250364e+00,2.23475763e+00,-1.93004811e+00,2.23475763e+00,-3.07417092e+00,1.86300959e+00,-2.44171539e+00,1.86300959e+00
-2.56250364e+00,2.23475763e+00,-1.93004811e+00,2.23475763e+00,-2.36706414e+00,2.83625858e+00,-1.73460860e+00,2.83625858e+00
-2.56250364e+00,2.23475763e+00,-3.07417092e+00,1.86300959e+00,-2.36706414e+00,2.83625858e+00,-2.87873141e+00,2.46451055e+00
-1.93004811e+00,2.23475763e+00,-1.73460860e+00,1.63325667e+00,-2.44171539e+00,1.86300959e+00,-2.24627588e+00,1.26150864e+00
-3.07417092e+00,1.86300959e+00,-2.44171539e+00,1.86300959e+00,-2.87873141e+00,1.26150864e+00,-2.24627588e+00,1.26150864e+00
-3.07417092e+00,1.86300959e+00,-3.58583819e+00,1.49126156e+00,-3.58583819e+00,2.23475763e+00,-4.09750547e+00,1.86300959e+00
-3.07417092e+00,1.86300959e+00,-3.58583819e+00,2.23475763e+00,-2.87873141e+00,2.46451055e+00,-3.39039868e+00,2.83625858e+00
-4.41373323e+00,2.83625858e+00,-3.78127770e+00,2.83625858e+00,-4.21829372e+00,2.23475763e+00,-3.58583819e+00,2.23475763e+00
-4.41373323e+00,2.83625858e+00,-3.78127770e+00,2.83625858e+00,-4.21829372e+00,3.43775954e+00,-3.58583819e+00,3.43775954e+00
-4.41373323e+00,2.83625858e+00,-4.21829372e+00,2.23475763e+00,-4.92540050e+00,2.46451055e+00,-4.72996100e+00,1.86300959e+00
-3.78127770e+00,2.83625858e+00,-3.58583819e+00,2.23475763e+00,-3.58583819e+00,3.43775954e+00,-3.39039868e+00,2.83625858e+00
-4.21829372e+00,2.23475763e+00,-3.58583819e+00,2.23475763e+00,-4.72996100e+00,1.86300959e+00,-4.09750547e+00,1.86300959e+00
4.13530792e+00,1.26150864e+00,3.62364065e+00,8.89760604e-01,3.62364065e+00,1.63325667e+00,3.11197337e+00,1.26150864e+00
3.42820114e+00,2.23475763e+00,3.62364065e+00,1.63325667e+00,2.91653387e+00,1.86300959e+00,3.11197337e+00,1.26150864e+00
3.42820114e+00,2.23475763e+00,3.62364065e+00,1.63325667e+00,3.62364065e+00,2.83625858e+00,3.81908016e+00,2.23475763e+00
3.42820114e+00,2.23475763e+00,2.91653387e+00,1.86300959e+00,3.62364065e+00,2.83625858e+00,3.11197337e+00,2.46451055e+00
2.28407833e+00,1.86300959e+00,2.91653387e+00,1.86300959e+00,2.47951784e+00,1.26150864e+00,3.11197337e+00,1.26150864e+00
2.28407833e+00,1.86300959e+00,2.91653387e+00,1.86300959e+00,1.77241106e+00,2.23475763e+00,2.40486659e+00,2.23475763e+00
2.28407833e+00,1.86300959e+00,2.47951784e+00,1.26150864e+00,1.77241106e+00,2.23475763e+00,1.96785057e+00,1.63325667e+00
2.91653387e+00,1.86300959e+00,2.40486659e+00,2.23475763e+00,3.11197337e+00,2.46451055e+00,2.60030610e+00,2.83625858e+00
2.47951784e+00,1.26150864e+00,1.96785057e+00,8.89760604e-01,1.96785057e+00,1.63325667e+00,1.45618330e+00,1.26150864e+00
1.57697155e+00,2.83625858e+00,1.77241106e+00,2.23475763e+00,1.06530428e+00,3.20800662e+00,1.26074379e+00,2.60650566e+00
1.57697155e+00,2.83625858e+00,1.77241106e+00,2.23475763e+00,1.77241106e+00,3.43775954e+00,1.96785057e+00,2.83625858e+00
1.57697155e+00,2.83625858e+00,1.06530428e+00,3.20800662e+00,1.77241106e+00,3.43775954e+00,1.26074379e+00,3.80950757e+00
1.77241106e+00,2.23475763e+00,2.40486659e+00,2.23475763e+00,1.96785057e+00,2.83625858e+00,2.60030610e+00,2.83625858e+00
1.77241106e+00,2.23475763e+00,1.96785057e+00,1.63325667e+00,1.26074379e+00,1.86300959e+00,1.45618330e+00,1.26150864e+00
1.77241106e+00,2.23475763e+00,1.26074379e+00,1.86300959e+00,1.26074379e+00,2.60650566e+00,7.49076514e-01,2.23475763e+00
6.28288256e-01,1.86300959e+00,1.26074379e+00,1.86300959e+00,1.16620982e-01,2.23475763e+00,7.49076514e-01,2.23475763e+00
4.32848748e-01,3.20800662e+00,1.06530428e+00,3.20800662e+00,-7.88185256e-02,2.83625858e+00,5.53637006e-01,2.83625858e+00
4.32848748e-01,3.20800662e+00,1.06530428e+00,3.20800662e+00,6.28288256e-01,3.80950757e+00,1.26074379e+00,3.80950757e+00
4.32848748e-01,3.20800662e+00,-7.88185256e-02,2.83625858e+00,6.28288256e-01,3.80950757e+00,1.16620982e-01,3.43775954e+00
1.06530428e+00,3.20800662e+00,1.26074379e+00,2.60650566e+00,5.53637006e-01,2.83625858e+00,7.49076514e-01,2.23475763e+00
-7.11274058e-01,2.83625858e+00,-7.88185256e-02,2.83625858e+00,-1.22294133e+00,2.46451055e+00,-5.90485799e-01,2.46451055e+00
-7.11274058e-01,2.83625858e+00,-7.88185256e-02,2.83625858e+00,-1.22294133e+00,3.20800662e+00,-5.90485799e-01,3.20800662e+00
-7.11274058e-01,2.83625858e+00,-1.22294133e+00,2.46451055e+00,-1.22294133e+00,3.20800662e+00,-1.73460860e+00,2.83625858e+00
-7.88185256e-02,2.83625858e+00,5.53637006e-01,2.83625858e+00,1.16620982e-01,2.23475763e+00,7.49076514e-01,2.23475763e+00
-7.88185256e-02,2.83625858e+00,1.16620982e-01,2.23475763e+00,-5.90485799e-01,2.46451055e+00,-3.95046292e-01,1.86300959e+00
-7.88185256e-02,2.83625858e+00,-5.90485799e-01,3.20800662e+00,1.16620982e-01,3.43775954e+00,-3.95046292e-01,3.80950757e+00
-1.22294133e+00,2.46451055e+00,-5.90485799e-01,2.46451055e+00,-1.02750182e+00,1.86300959e+00,-3.95046292e-01,1.86300959e+00
-1.41838084e+00,3.80950757e+00,-1.22294133e+00,3.20800662e+00,-1.93004811e+00,3.43775954e+00,-1.73460860e+00,2.83625858e+00
-1.41838084e+00,3.80950757e+00,-1.22294133e+00,3.20800662e+00,-1.22294133e+00,4.41100853e+00,-1.02750182e+00,3.80950757e+00
-1.41838084e+00,3.80950757e+00,-1.93004811e+00,3.43775954e+00,-1.22294133e+00,4.41100853e+00,-1.73460860e+00,4.03926049e+00
-1.22294133e+00,3.20800662e+00,-5.90485799e-01,3.20800662e+00,-1.02750182e+00,3.80950757e+00,-3.95046292e-01,3.80950757e+00
-2.56250364e+00,3.43775954e+00,-1.93004811e+00,3.43775954e+00,-2.36706414e+00,2.83625858e+00,-1.73460860e+00,2.83625858e+00
-2.56250364e+00,3.43775954e+00,-1.93004811e+00,3.43775954e+00,-3.07417092e+00,3.80950757e+00,-2.44171539e+00,3.80950757e+00
-2.56250364e+00,3.43775954e+00,-2.36706414e+00,2.83625858e+00,-3.07417092e+00,3.80950757e+00,-2.87873141e+00,3.20800662e+00
-1.93004811e+00,3.43775954e+00,-2.44171539e+00,3.80950757e+00,-1.73460860e+00,4.03926049e+00,-2.24627588e+00,4.41100853e+00
-2.36706414e+00,2.83625858e+00,-2.87873141e+00,2.46451055e+00,-2.87873141e+00,3.20800662e+00,-3.39039868e+00,2.83625858e+00
-3.07417092e+00,3.80950757e+00,-2.44171539e+00,3.80950757e+00,-2.87873141e+00,4.41100853e+00,-2.24627588e+00,4.41100853e+00
-3.07417092e+00,3.80950757e+00,-2.87873141e+00,3.20800662e+00,-3.58583819e+00,3.43775954e+00,-3.39039868e+00,2.83625858e+00
3.42820114e+00,3.43775954e+00,3.62364065e+00,2.83625858e+00,2.91653387e+00,3.80950757e+00,3.11197337e+00,3.20800662e+00
3.62364065e+00,2.83625858e+00,3.11197337e+00,2.46451055e+00,3.11197337e+00,3.20800662e+00,2.60030610e+00,2.83625858e+00
2.28407833e+00,3.80950757e+00,2.91653387e+00,3.80950757e+00,1.77241106e+00,3.43775954e+00,2.40486659e+00,3.43775954e+00
2.28407833e+00,3.80950757e+00,1.77241106e+00,3.43775954e+00,1.77241106e+00,4.18125561e+00,1.26074379e+00,3.80950757e+00
2.91653387e+00,3.80950757e+00,3.11197337e+00,3.20800662e+00,2.40486659e+00,3.43775954e+00,2.60030610e+00,2.83625858e+00
1.77241106e+00,3.43775954e+00,2.40486659e+00,3.43775954e+00,1.96785057e+00,2.83625858e+00,2.60030610e+00,2.83625858e+00
4.32848748e-01,4.41100853e+00,1.06530428e+00,4.41100853e+00,6.28288256e-01,3.80950757e+00,1.26074379e+00,3.80950757e+00
4.32848748e-01,4.41100853e+00,6.28288256e-01,3.80950757e+00,-7.88185256e-02,4.78275656e+00,1.16620982e-01,4.18125561e+00
6.28288256e-01,3.80950757e+00,1.16620982e-01,3.43775954e+00,1.16620982e-01,4.18125561e+00,-3.95046292e-01,3.80950757e+00
-7.11274058e-01,4.78275656e+00,-7.88185256e-02,4.78275656e+00,-1.22294133e+00,4.41100853e+00,-5.90485799e-01,4.41100853e+00
-7.88185256e-02,4.78275656e+00,1.16620982e-01,4.18125561e+00,-5.90485799e-01,4.41100853e+00,-3.95046292e-01,3.80950757e+00
-1.22294133e+00,4.41100853e+00,-5.90485799e-01,4.41100853e+00,-1.02750182e+00,3.80950757e+00,-3.95046292e-01,3.80950757e+00
-1.22294133e+00,4.41100853e+00,-1.73460860e+00,4.03926049e+00,-1.73460860e+00,4.78275656e+00,-2.24627588e+00,4.41100853e+00
-2.36706414e+00,4.78275656e+00,-1.73460860e+00,4.78275656e+00,-2.87873141e+00,4.41100853e+00,-2.24627588e+00,4.41100853e+00
